0 0.29841333333333336 0.5313641025641026 0.2534866666666667 0.3096797720797721
0 0.4997533333333334 0.48396581196581206 0.14951333333333333 0.34251851851851856
0 0.3377466666666667 0.40854245014245016 0.17215333333333332 0.24181424501424498
0 0.28174 0.09839772079772081 0.15347333333333335 0.19132535612535614
0 0.4900866666666667 0.2930051282051282 0.15017999999999992 0.2614518518518518
0 0.6306 0.42334814814814814 0.12786666666666663 0.3215680911680912
0 0.6461000000000001 0.1300695156695157 0.14220666666666676 0.22276011396011397
0 0.7606133333333334 0.3246769230769231 0.16122666666666668 0.2928866096866096
0 0.9458333333333334 0.43474415954415957 0.10833333333333321 0.3352341880341881
0 0.9558333333333333 0.14898689458689457 0.08833333333333329 0.24691054131054133
0 0.8349533333333333 0.19365014245014248 0.15656666666666652 0.22684444444444443