0 0.62268945423963 0.6842721893491125 0.17528729763013265 0.21194082840236686
0 0.825196888234764 0.6903905325443787 0.22146156849788262 0.18077514792899407
0 0.8489087796233443 0.8108816568047338 0.20480461358243468 0.15746745562130177
0 0.7800222268945424 0.4503846153846154 0.24004084942780762 0.20964497041420121
0 0.42339230468867334 0.4833254437869822 0.19960472171327306 0.13746153846153852
0 0.5111849337698615 0.5860650887573964 0.20859159583095543 0.1654260355029585
0 0.29875829754002337 0.5113254437869823 0.23867599795752867 0.16979289940828401
0 0.08215060222869673 0.4874674556213018 0.16430120445739346 0.15757396449704136
0 0.1039401676027994 0.5773905325443787 0.2078803352055988 0.1796331360946745
0 0.296191992310696 0.6483846153846153 0.36171447451416217 0.14805325443786987
0 0.29650917610308475 0.7477692307692307 0.23290901991409602 0.252147928994083