0 0.8592733333333336 0.4279024665257224 0.24146 0.1648484848484849
0 0.7812800000000001 0.28405355884425654 0.09588666666666654 0.10266159267089493
0 0.5800933333333333 0.28765271317829455 0.14886 0.20006427061310783
0 0.5010866666666667 0.13975362931642005 0.07217333333333328 0.10270669485553209
0 0.5470866666666667 0.13749852008456662 0.044180000000000066 0.08917603946441159
0 0.6234333333333334 0.23264608879492604 0.12353333333333331 0.1441646229739253
0 0.4627466666666667 0.2966821705426357 0.05549999999999997 0.07380521494009859
0 0.4357533333333333 0.21168259337561662 0.14150000000000004 0.12477970401691334
0 0.34574000000000005 0.21754587737843553 0.09481333333333337 0.0914040873854827
0 0.4244133333333334 0.6718692036645526 0.1321666666666667 0.13860803382663847
0 0.5490933333333333 0.7440236786469346 0.1148533333333333 0.15662184637068358
0 0.5772600000000001 0.8554080338266384 0.11451999999999991 0.11780690627202256
0 0.74394 0.8678111346018323 0.07454666666666672 0.09300070472163492
0 0.5475933333333334 0.6380515856236787 0.10185333333333339 0.0980341085271318
0 0.3544066666666667 0.5810063424947146 0.13882000000000003 0.114739957716702
0 0.2434 0.46984749823819594 0.09680000000000002 0.11342297392529951
0 0.17556 0.378984637068358 0.08045333333333331 0.08955489781536292
0 0.18622666666666662 0.11653502466525724 0.09911999999999999 0.08783199436222695