0 0.60745 0.35877881619937696 0.14266666666666677 0.12276635514018687
0 0.6325833333333334 0.46634267912772587 0.15683333333333332 0.13021806853582557
0 0.7780166666666666 0.5749532710280374 0.18603333333333333 0.18542056074766353
0 0.8037166666666667 0.6685856697819313 0.1857666666666667 0.21071651090342672
0 0.6375 0.8563084112149533 0.3 0.28738317757009346
0 0.6059166666666667 0.7315140186915887 0.20350000000000001 0.12473520249221182
0 0.39813333333333334 0.637233644859813 0.25458333333333333 0.3398878504672897
0 0.24116666666666667 0.5639376947040499 0.1017666666666667 0.28383800623052957
0 0.11044999999999998 0.5159626168224299 0.08536666666666667 0.33328348909657307
0 0.33631666666666665 0.3299190031152648 0.07816666666666663 0.22701557632398753
0 0.23810000000000003 0.38639252336448593 0.11233333333333331 0.1904548286604362
0 0.22143333333333337 0.38100934579439255 0.14566666666666664 0.18796261682242998
0 0.1588 0.38806230529595015 0.19538333333333338 0.19376947040498443